64 64
1 1 1 1 1 1 1 1 1 1 1 1 1 1 1 1 1 1 1 1 1 1 1 1 1 1 1 1 1 1 1 1 1 1 1 1 1 1 1 1 1 1 1 1 1 1 1 1 1 1 1 1 1 1 1 1 1 1 1 1 1 1 1 1 
1 1 1 1 1 1 1 1 1 1 1 1 1 1 1 1 1 1 1 1 1 1 1 1 1 1 1 1 1 1 1 1 1 1 1 1 1 1 1 1 1 1 8 8 8 8 8 1 1 1 1 1 1 1 1 1 1 1 1 1 1 1 1 1 
1 1 1 1 1 1 1 1 1 1 1 1 1 1 1 1 1 1 1 1 41 42 42 42 42 42 42 42 42 42 42 42 42 42 42 42 42 1 1 1 1 1 8 8 8 8 8 1 1 1 1 1 1 1 1 1 1 1 1 1 1 1 1 1 
1 1 1 1 1 1 1 1 1 1 1 1 1 1 1 1 1 1 1 1 41 1 1 1 1 1 1 1 1 1 1 1 1 1 1 1 43 1 1 1 1 1 1 1 0 0 0 1 1 1 1 1 1 1 1 1 8 8 8 8 8 8 1 1 
1 1 1 1 1 1 1 1 1 1 1 41 42 42 42 42 42 42 42 42 42 1 0 0 0 1 0 0 1 0 0 1 0 0 0 1 43 42 42 42 42 42 42 42 0 0 0 1 1 1 1 1 1 1 1 1 8 8 8 8 8 8 1 1 
1 1 1 1 1 1 1 1 1 1 1 41 1 1 1 1 1 1 1 1 1 1 1 0 1 1 0 1 1 0 1 1 1 0 1 1 1 1 1 1 1 1 1 1 0 0 0 0 0 0 0 31 0 0 0 0 0 0 0 0 0 0 1 1 
1 1 1 1 41 42 42 42 42 42 42 42 1 0 0 3 3 3 3 3 0 0 1 0 1 1 0 0 1 0 0 1 1 0 1 3 3 3 0 0 0 1 8 8 8 8 8 1 1 1 1 1 1 1 1 1 0 0 0 0 0 0 1 1 
1 1 1 1 41 1 1 1 1 1 1 1 1 0 0 3 3 3 3 3 0 0 1 0 1 1 0 1 1 1 0 1 1 0 1 3 3 3 3 3 3 1 8 8 8 8 8 1 1 1 1 1 1 1 1 1 0 4 0 0 0 0 1 1 
1 1 41 42 42 1 0 0 0 0 0 1 1 0 0 3 3 3 3 3 0 0 1 0 1 1 0 0 1 0 0 1 1 0 1 3 3 3 3 3 3 1 8 8 8 8 8 1 1 1 1 1 1 1 1 1 1 1 1 25 1 1 1 1 
1 1 41 1 1 1 0 0 0 0 0 1 1 0 0 3 3 3 3 3 0 0 1 1 1 1 1 1 1 1 1 1 1 1 1 0 0 3 3 3 3 1 1 1 1 1 1 1 1 1 1 1 1 1 1 1 1 1 1 30 1 8 1 1 
1 1 41 1 1 0 0 0 128 0 0 0 0 0 0 3 3 3 3 3 0 0 1 1 1 1 1 1 1 1 0 0 0 0 0 0 0 3 3 3 0 1 1 1 1 1 1 1 1 1 1 1 1 1 1 1 1 1 1 25 1 25 1 1 
1 1 41 1 1 1 0 0 0 0 0 1 1 0 0 3 3 3 3 3 0 0 0 0 0 0 0 1 1 1 0 1 1 1 1 0 0 3 3 3 3 3 3 3 1 1 1 1 1 1 1 1 1 1 1 1 1 1 1 30 1 30 1 1 
1 0 17 0 0 1 0 0 0 0 0 1 1 0 0 3 3 3 3 3 0 0 1 1 1 1 0 1 1 1 0 1 0 3 3 3 3 3 3 3 3 3 3 3 0 1 1 1 1 1 1 1 1 1 30 25 30 25 30 25 30 25 1 1 
1 0 0 0 0 1 1 1 1 1 1 1 1 0 0 3 3 3 3 3 0 0 1 1 1 1 0 0 0 0 0 1 0 1 1 3 3 3 3 3 3 1 1 1 3 1 1 1 1 0 0 0 0 1 25 1 1 1 1 30 1 1 1 1 
1 0 0 0 0 0 0 0 45 45 47 1 1 0 0 3 3 3 3 3 0 0 1 1 1 1 1 1 1 1 1 1 0 1 1 3 3 3 3 3 3 1 1 1 3 1 1 1 1 0 1 1 0 1 30 1 0 0 0 0 0 0 0 1 
1 0 0 0 0 0 0 0 45 45 45 1 1 1 1 1 1 1 1 1 1 1 1 1 1 1 1 1 1 0 0 0 0 1 1 3 3 3 3 3 3 1 1 1 3 1 1 1 0 0 0 1 0 1 17 1 0 0 0 0 0 0 0 1 
1 0 0 0 0 0 0 0 45 45 45 1 46 45 45 45 45 45 1 1 1 1 1 1 1 8 0 8 1 0 1 1 1 1 1 3 3 3 0 3 3 3 3 3 0 1 1 1 0 0 0 1 0 1 1 1 0 0 0 0 0 0 0 1 
1 49 47 49 45 45 45 48 46 45 48 1 45 1 1 1 1 1 1 1 1 46 45 45 45 0 0 0 1 0 1 1 1 1 1 1 1 1 1 1 1 1 1 1 1 1 1 1 0 0 0 1 3 1 0 0 0 128 0 0 1 0 0 1 
1 1 45 1 1 1 1 1 45 1 1 1 49 45 45 45 47 1 1 1 1 8 1 1 1 8 0 8 1 0 0 0 0 0 0 1 1 1 1 1 1 1 1 1 1 0 0 0 0 0 0 1 0 1 0 1 0 0 0 0 0 0 0 1 
1 1 45 1 8 0 8 1 45 1 1 1 1 1 1 1 45 1 1 7 7 0 7 7 1 1 45 1 1 1 1 1 1 1 0 1 1 1 1 1 1 1 1 1 1 0 1 1 0 0 0 1 3 1 0 1 0 0 0 0 0 0 0 1 
1 1 45 0 0 0 0 1 45 1 1 8 0 8 1 1 45 1 1 0 0 0 0 0 1 1 45 1 1 1 0 0 0 0 0 0 4 0 3 3 3 1 1 1 1 0 1 1 4 0 4 1 0 1 0 1 0 7 0 0 17 0 0 1 
1 1 45 1 8 0 8 1 45 1 1 0 0 0 45 45 45 45 45 45 45 45 45 45 45 45 48 1 1 1 0 0 0 0 0 0 0 3 3 3 3 0 0 0 1 0 1 1 45 45 45 1 0 0 0 1 0 0 0 0 0 0 0 1 
1 1 45 1 1 1 1 1 45 1 1 8 0 8 1 1 45 1 1 0 0 0 0 0 1 1 1 1 1 1 3 3 3 3 3 3 3 3 3 3 3 1 1 3 1 0 1 1 45 45 45 1 20 1 1 1 1 1 1 1 25 1 1 1 
1 1 49 45 45 45 45 45 48 1 1 1 0 1 1 1 45 1 1 7 7 0 7 7 1 1 1 1 1 1 3 3 3 3 3 3 3 3 3 3 3 1 1 0 0 0 1 1 45 45 45 1 1 1 1 1 1 1 1 1 3 1 1 1 
1 1 1 45 45 45 45 45 1 1 46 45 45 45 45 45 48 1 1 1 1 0 1 1 1 1 1 1 1 1 3 3 3 3 3 3 3 3 3 3 3 1 1 20 1 1 1 1 1 1 1 1 1 1 1 1 26 1 1 1 3 1 1 1 
1 1 1 49 45 45 45 48 1 1 45 1 0 1 1 1 1 1 1 1 1 0 1 1 1 1 1 1 1 1 1 1 1 1 3 1 1 3 1 1 0 1 1 1 1 1 1 1 1 1 1 1 1 1 1 1 0 3 3 3 3 1 1 1 
1 1 1 1 49 45 48 1 1 1 49 45 45 45 45 47 1 45 45 45 45 45 45 45 45 45 1 1 1 1 1 1 1 1 0 0 0 0 1 1 0 1 1 1 1 1 1 1 1 0 0 14 0 0 1 1 1 1 1 1 1 1 1 1 
1 1 1 1 1 45 1 1 1 1 1 1 0 1 1 45 1 45 1 1 1 45 45 45 45 47 1 1 1 1 1 1 1 1 0 1 1 3 1 1 0 1 1 1 1 1 1 1 1 0 1 1 1 0 1 0 0 0 0 0 1 1 1 1 
1 1 1 1 1 45 1 1 1 1 1 1 0 1 1 45 1 45 45 8 1 45 45 45 1 45 1 1 1 0 3 3 3 3 0 3 3 3 3 3 0 1 1 1 1 1 1 0 0 0 0 0 1 3 20 0 0 0 0 0 39 8 26 1 
1 1 1 1 1 49 45 45 45 45 45 45 45 45 45 48 1 45 1 1 1 45 45 45 45 45 1 1 1 0 1 1 1 1 0 1 1 3 1 1 0 1 1 1 1 1 1 1 1 0 1 1 1 3 20 0 0 0 0 0 1 1 1 1 
1 1 1 1 1 1 1 1 1 1 1 1 1 1 1 1 1 45 45 45 45 45 45 45 45 45 1 1 1 0 1 1 1 1 0 3 3 3 0 0 0 1 1 1 1 1 1 0 0 0 0 0 1 3 20 0 0 0 0 0 39 8 27 1 
1 1 1 1 1 1 1 1 1 1 1 1 1 1 1 1 1 45 45 45 45 1 45 45 45 45 1 1 1 0 1 1 1 1 3 1 1 1 1 1 1 1 45 1 1 1 1 1 1 0 1 1 1 3 20 0 0 26 0 0 1 1 1 1 
1 8 8 8 8 1 41 42 42 42 42 1 1 1 46 45 45 45 45 45 45 45 45 45 45 45 1 1 1 0 1 3 3 3 3 3 3 3 1 1 1 45 45 45 1 1 1 0 0 0 0 0 1 3 20 0 0 0 0 0 39 8 28 1 
1 8 0 0 8 1 41 41 42 42 43 1 1 1 45 45 45 45 1 45 45 45 45 45 45 45 1 1 1 0 1 3 3 3 3 3 3 3 1 1 45 45 45 45 45 1 1 1 1 0 1 1 1 3 20 0 0 0 0 0 1 1 1 1 
1 8 1 1 8 1 41 41 46 45 45 45 45 45 45 45 1 45 45 45 45 45 45 1 45 45 1 1 1 0 1 3 3 3 3 3 3 3 1 45 45 45 45 45 45 45 1 1 1 0 1 1 1 0 20 0 0 0 0 0 39 8 27 1 
1 0 0 0 0 1 41 41 42 42 43 1 1 1 45 45 45 45 45 45 1 45 45 45 45 45 1 1 1 0 1 3 3 0 0 0 3 3 1 45 45 45 45 45 45 45 0 0 0 0 1 1 1 0 0 0 0 0 0 0 1 1 1 1 
1 41 41 41 41 41 41 42 42 42 43 1 1 1 49 45 45 45 45 45 45 45 45 45 45 45 1 1 1 0 0 3 3 0 0 0 3 3 1 49 45 45 45 45 45 48 1 1 1 1 1 1 1 20 1 1 1 31 1 1 1 1 1 1 
1 41 41 41 41 41 42 44 41 42 43 1 1 1 1 1 1 45 45 45 45 45 45 45 45 45 1 1 1 1 1 1 1 1 1 1 1 1 1 1 1 1 45 1 1 1 1 1 1 1 1 1 1 1 1 1 1 32 1 1 1 1 1 1 
1 41 41 41 42 42 42 43 42 1 43 1 46 45 45 47 1 45 45 1 45 45 45 45 45 45 1 1 45 45 45 45 45 45 45 45 45 45 45 47 1 1 45 1 1 1 1 1 1 1 1 1 1 1 1 1 1 33 1 1 1 1 1 1 
1 41 42 42 42 42 42 1 43 1 43 1 45 1 1 45 1 45 45 45 45 45 1 1 1 45 1 1 1 45 1 45 1 45 1 45 1 45 1 45 1 1 45 1 1 1 1 1 1 1 1 1 1 1 20 1 1 32 1 1 20 1 1 1 
1 41 43 43 43 43 43 1 43 1 43 1 45 1 1 45 1 45 45 45 45 45 1 8 45 45 1 1 1 4 1 7 1 4 1 7 1 4 1 45 1 1 45 1 1 1 1 1 1 1 1 1 26 0 0 1 1 0 1 1 0 0 28 1 
1 44 44 44 44 44 44 44 44 44 43 1 45 1 1 45 1 49 45 45 45 48 1 1 1 45 1 1 1 0 0 0 0 0 0 0 0 0 1 45 1 1 41 1 1 1 1 1 1 1 1 1 1 4 3 4 3 4 3 4 3 4 1 1 
1 1 1 7 1 1 1 1 1 1 1 1 45 1 1 45 1 45 45 49 45 45 45 45 45 48 1 1 1 8 0 0 0 8 0 0 0 8 45 48 1 1 45 1 1 1 1 1 1 1 1 1 1 3 4 3 4 3 4 3 4 3 1 1 
1 1 1 0 1 1 1 1 1 1 1 1 45 1 1 45 1 1 1 1 1 1 1 1 1 1 1 46 45 0 0 0 0 4 0 0 0 0 45 45 45 45 48 1 1 1 1 1 1 1 1 1 1 4 3 4 3 4 3 4 3 4 1 1 
1 1 1 0 0 0 0 0 45 45 45 45 48 1 1 49 45 45 45 45 45 45 45 45 45 45 45 48 1 8 0 0 0 8 0 0 0 8 45 47 1 1 1 1 1 1 1 1 1 1 1 1 1 3 4 3 4 3 4 3 4 3 1 1 
1 1 1 1 1 1 1 1 1 1 1 1 1 1 1 1 1 1 1 1 1 1 1 1 1 1 1 1 1 0 0 0 0 0 0 0 0 0 1 45 1 1 1 1 1 1 1 1 1 1 1 1 1 4 3 4 3 4 3 4 3 4 1 1 
1 1 1 1 1 1 1 1 1 1 1 1 1 1 1 1 1 1 1 1 1 1 1 1 1 1 1 1 1 4 1 7 1 4 1 7 1 4 1 45 1 1 1 1 1 1 1 1 1 1 1 1 1 3 3 3 3 3 3 3 3 3 1 1 
1 1 1 1 1 1 1 1 1 1 1 1 1 1 1 1 1 1 1 1 1 1 1 1 1 1 1 1 1 45 1 45 1 45 1 45 1 45 1 45 1 1 1 1 1 1 1 1 1 1 1 1 1 3 3 3 3 3 3 3 3 3 1 1 
1 1 1 1 1 1 1 1 1 1 1 1 1 1 1 1 1 1 1 1 1 1 1 1 1 1 1 1 45 45 45 45 45 45 45 45 45 45 45 48 1 1 1 1 1 1 1 1 1 1 1 1 1 3 3 3 3 3 3 3 3 3 1 1 
1 1 1 1 0 0 0 0 0 0 0 0 1 1 1 1 1 1 1 1 1 1 1 1 1 1 1 1 1 1 1 1 1 1 1 1 1 1 1 1 1 1 1 1 1 1 1 1 1 1 1 1 1 1 1 1 1 0 1 1 1 1 1 1 
1 1 1 0 0 0 0 0 0 0 0 0 0 1 1 1 1 1 1 0 0 0 0 0 0 0 0 0 0 0 0 1 1 1 1 1 1 0 0 0 0 0 0 0 0 0 0 0 0 1 1 1 1 7 1 1 1 31 1 1 1 1 1 1 
1 1 0 0 0 44 44 44 44 44 41 0 0 0 1 1 1 1 0 0 8 8 8 8 8 8 8 8 8 0 0 0 1 1 1 1 0 0 0 0 0 0 0 0 0 0 0 0 0 0 1 0 7 7 0 0 1 33 1 1 0 1 1 1 
1 0 0 0 44 43 0 0 0 0 44 41 0 0 0 1 1 1 0 0 8 1 1 1 1 1 1 1 1 0 0 0 3 1 1 3 0 0 0 1 0 0 0 0 0 0 1 0 0 0 1 7 7 1 0 7 1 0 1 7 7 7 1 1 
1 0 0 44 43 0 0 0 0 0 0 44 41 0 0 1 1 1 0 0 8 1 0 0 30 0 7 0 25 0 0 0 3 3 3 3 0 0 0 1 1 1 1 1 1 45 1 0 0 0 1 7 1 7 7 7 7 7 1 1 7 1 1 1 
1 0 0 43 0 0 1 1 1 1 0 0 41 0 0 1 1 1 0 0 8 1 0 0 30 0 7 0 25 0 0 0 3 3 3 3 0 0 0 1 8 0 45 0 1 45 1 0 0 0 1 7 0 1 0 7 7 7 7 0 7 1 1 1 
1 0 0 43 0 0 1 10 10 9 0 0 41 0 0 9 9 0 0 0 8 1 0 0 30 0 7 0 25 0 0 0 3 3 3 3 0 0 0 1 8 0 17 0 1 45 1 0 0 0 1 0 0 1 7 0 7 0 1 7 0 1 7 1 
1 0 0 43 0 0 1 10 10 9 0 0 41 0 0 9 9 0 0 0 8 1 0 0 30 0 0 0 25 0 0 0 3 3 3 3 0 0 0 1 8 0 45 0 1 45 1 0 0 0 1 7 0 7 1 1 1 0 7 7 1 1 7 1 
1 0 0 43 0 0 1 1 1 1 0 0 41 0 0 1 1 1 0 0 8 1 0 0 30 0 0 0 25 0 0 0 3 3 3 3 0 0 0 1 1 1 25 1 1 45 1 0 0 0 7 7 0 7 1 7 0 0 7 0 0 1 1 1 
1 0 0 43 42 0 0 0 0 0 0 41 42 0 0 1 1 1 0 0 8 1 0 0 30 0 7 0 25 0 0 0 3 3 3 3 0 0 0 1 45 45 45 45 45 48 1 0 0 0 1 1 0 7 0 7 7 1 7 1 7 7 1 1 
1 0 0 0 43 42 0 0 0 0 41 42 0 0 0 1 1 1 0 0 8 1 1 1 1 1 1 1 1 0 0 0 3 1 1 3 0 0 0 1 1 1 1 1 1 1 1 0 0 0 1 1 1 7 7 1 0 0 7 7 0 7 1 1 
1 1 0 0 0 43 42 42 42 42 42 0 0 0 1 1 1 1 0 0 8 8 8 8 8 8 8 8 8 0 0 0 1 1 1 1 0 0 0 0 0 0 0 0 0 0 0 0 0 0 1 1 1 7 7 7 7 0 7 1 1 7 1 1 
1 1 1 0 0 0 0 0 0 0 0 0 0 1 1 1 1 1 1 0 0 0 0 0 0 0 0 0 0 0 0 1 1 1 1 1 1 0 0 0 0 0 0 0 0 0 0 0 0 1 1 1 7 7 7 1 1 0 1 7 7 7 1 1 
1 1 1 1 0 0 0 0 0 0 0 0 1 1 1 1 1 1 1 1 1 1 1 1 1 1 1 1 1 1 1 1 1 1 1 1 1 1 1 1 1 1 1 1 1 1 1 1 1 1 1 1 1 1 0 7 7 0 7 1 1 1 1 1 
1 1 1 1 1 1 1 1 1 1 1 1 1 1 1 1 1 1 1 1 1 1 1 1 1 1 1 1 1 1 1 1 1 1 1 1 1 1 1 1 1 1 1 1 1 1 1 1 1 1 1 1 1 1 1 1 1 1 1 1 1 1 1 1 
f
p  5 10 100 0 
level 8
ball 59 15 1 0 
fireball 47 32 1 0
fireball 49 30 1 0
fireball 51 28 1 0
ball 42 61 1 0 
