64 64
1 1 1 1 1 1 1 1 1 1 1 1 1 1 1 1 1 1 1 1 1 1 1 1 1 1 1 1 1 1 1 1 1 1 1 1 1 1 1 1 1 1 1 1 1 1 1 1 1 1 1 1 1 1 1 1 1 1 1 1 1 1 1 1 
1 41 42 42 42 42 42 42 42 42 42 42 42 1 1 1 1 1 41 42 42 42 42 42 42 42 42 42 1 1 1 1 1 1 1 1 1 1 1 1 1 44 44 44 44 44 44 44 44 44 44 44 44 44 44 44 44 44 44 44 44 1 1 1 
1 41 1 1 1 1 1 1 1 1 1 1 43 1 1 1 1 1 41 1 1 1 1 1 1 1 1 43 1 1 1 1 1 1 1 1 1 1 1 1 3 3 3 3 3 1 1 3 3 3 3 3 3 1 1 1 1 1 1 1 1 1 1 1 
1 41 1 1 1 1 3 1 1 1 1 1 0 87 0 0 0 0 0 1 1 1 1 1 1 1 1 43 1 1 20 1 1 1 1 1 1 1 1 1 42 42 42 42 42 42 1 3 3 3 3 3 3 1 1 1 1 42 42 42 42 42 42 1 
1 41 1 1 1 3 3 3 1 1 1 1 1 1 1 1 1 1 1 1 1 1 1 1 1 1 1 43 42 42 42 1 1 1 1 1 1 1 1 1 1 3 3 3 1 43 1 0 0 0 0 3 3 1 1 1 1 1 1 1 1 1 43 1 
1 41 1 3 3 3 3 3 3 3 1 1 1 1 1 3 3 3 3 3 1 1 1 1 1 1 1 1 1 1 43 1 1 1 1 1 44 44 44 44 44 44 44 44 44 43 1 1 1 1 0 3 3 44 44 3 44 44 44 44 44 44 43 1 
1 41 1 3 3 3 3 3 3 3 3 1 1 1 3 3 3 3 3 3 0 1 0 3 3 0 1 20 44 44 45 44 41 20 1 3 3 3 3 1 1 1 1 1 1 1 1 0 0 0 0 3 3 43 1 1 1 3 3 3 1 1 1 1 
1 41 1 3 3 3 3 3 3 3 0 0 0 0 0 3 3 3 3 3 0 30 0 1 8 87 44 44 43 1 43 1 44 44 44 44 44 44 44 44 44 44 44 44 44 41 1 0 0 0 0 3 3 43 1 1 1 3 3 3 1 1 1 1 
1 41 1 3 3 3 3 3 3 3 3 1 17 1 3 3 3 3 3 3 0 1 0 3 3 0 1 1 1 1 43 1 20 20 20 20 20 20 20 20 1 3 3 3 3 41 1 3 3 3 3 3 3 43 1 1 1 3 3 3 1 1 1 1 
1 41 1 3 3 3 3 3 3 3 1 1 1 1 1 3 3 3 3 3 1 1 1 1 1 1 1 1 1 1 43 42 42 42 42 42 42 42 42 42 1 1 42 42 42 42 1 1 1 1 1 1 1 1 1 1 1 3 3 3 1 1 1 1 
1 41 1 1 1 3 0 3 1 1 1 1 1 1 1 1 1 1 1 1 1 1 1 1 1 1 1 1 1 1 20 1 3 3 3 3 3 3 3 3 1 1 1 1 1 1 1 1 1 41 42 42 42 42 42 42 42 42 42 42 1 1 1 1 
1 41 1 1 1 1 0 1 1 1 1 20 20 20 20 20 20 20 20 20 20 20 20 20 20 20 20 1 1 1 1 1 3 3 3 3 3 3 3 3 1 1 1 1 1 1 1 1 1 41 1 1 1 1 1 1 1 1 1 1 1 1 1 1 
1 41 1 1 1 3 0 3 1 1 1 20 3 3 20 3 3 3 3 3 3 3 3 3 3 3 20 1 1 1 1 1 3 3 3 3 3 3 3 3 1 1 1 1 1 1 45 45 45 41 45 45 45 1 1 1 1 1 1 1 1 1 1 1 
1 41 1 3 3 3 3 3 3 3 1 20 3 8 3 3 3 3 1 3 3 3 3 3 3 3 20 1 1 1 1 1 3 3 3 3 3 3 3 3 1 1 1 1 1 1 45 45 45 41 45 45 45 1 1 0 0 0 0 0 0 0 0 1 
1 41 1 3 1 3 3 3 3 3 1 1 3 3 3 3 3 3 3 3 20 3 3 3 3 3 20 20 20 20 20 1 3 3 3 3 3 3 3 3 1 1 1 1 1 1 45 45 45 41 45 45 45 1 1 0 0 0 1 1 0 0 0 1 
1 41 1 3 3 3 3 3 3 3 1 20 3 3 3 3 3 3 3 3 3 0 0 3 3 3 3 0 87 1 20 1 3 3 3 3 3 3 3 3 1 1 1 1 1 1 45 45 45 41 45 45 45 1 1 0 0 1 10 10 1 0 0 1 
1 41 1 3 3 3 3 3 1 3 1 20 3 3 3 1 3 3 3 3 3 1 3 3 3 3 20 20 0 0 44 44 0 0 0 0 0 0 0 0 1 1 1 1 1 1 45 45 45 41 45 45 45 1 1 0 0 1 10 10 1 0 0 1 
1 41 1 3 3 3 3 3 3 3 1 20 3 3 3 3 8 3 3 1 3 3 3 1 3 3 20 20 20 20 20 20 20 20 20 0 0 0 20 20 20 1 1 1 1 1 45 45 45 41 45 45 45 1 1 0 0 1 9 9 1 0 0 1 
1 41 1 3 1 3 3 3 3 3 1 20 3 3 1 3 3 3 3 3 20 3 3 3 3 3 20 1 1 1 1 1 1 1 0 0 0 0 0 1 1 1 1 1 1 1 45 45 45 41 45 45 45 1 1 0 0 0 0 0 0 0 0 1 
1 41 1 3 3 3 3 3 3 3 1 20 3 3 0 3 3 3 0 1 3 3 20 3 3 3 20 1 1 1 8 0 8 1 0 0 0 0 0 1 8 0 8 1 1 1 45 45 45 41 45 45 45 1 1 0 0 0 0 0 0 0 0 1 
1 41 1 1 1 3 0 3 1 1 1 20 3 3 3 3 20 3 3 3 3 3 3 3 3 1 20 1 1 1 0 0 0 7 0 0 0 0 0 7 0 0 0 1 1 1 1 7 7 7 7 7 1 1 1 1 1 1 0 0 1 1 1 1 
1 41 1 1 1 1 0 1 1 1 1 20 3 1 3 3 3 3 3 3 3 3 3 3 1 3 20 1 1 1 8 0 8 1 0 0 0 0 0 1 8 0 8 1 1 1 1 0 0 0 0 0 0 0 0 0 0 0 0 0 1 1 1 1 
1 44 44 44 0 0 0 0 17 1 1 20 3 3 3 3 3 3 3 3 1 3 3 3 3 8 20 1 1 1 1 0 1 1 0 0 0 0 0 1 1 0 1 1 1 1 1 1 1 1 1 1 1 1 1 1 1 1 1 1 1 1 1 1 
1 1 1 1 1 1 25 1 1 1 1 20 3 3 3 3 3 3 3 3 3 3 3 3 3 3 20 1 1 1 1 0 1 1 1 20 1 20 1 1 1 0 1 1 1 1 1 1 1 1 1 1 1 1 1 1 1 1 1 1 1 1 1 1 
1 1 1 1 1 1 0 1 1 20 20 20 20 20 0 20 20 20 20 20 20 20 20 20 20 20 20 1 1 1 1 0 1 1 1 1 1 1 1 1 1 0 1 1 1 1 1 1 7 7 7 7 1 0 0 7 7 7 7 7 0 0 0 1 
1 1 1 1 1 1 1 1 1 0 0 0 0 0 0 1 1 1 1 1 1 1 1 1 1 1 1 1 1 1 1 0 1 1 1 1 1 1 1 1 1 0 1 1 1 1 1 1 7 7 24 7 7 0 7 7 7 7 7 7 7 7 0 1 
1 1 1 1 1 1 1 1 1 0 20 20 20 20 20 1 1 1 1 1 1 1 1 1 1 1 20 20 20 3 3 3 3 3 3 3 3 3 3 3 3 3 3 3 1 1 1 1 7 1 0 7 7 0 7 7 7 8 7 7 7 7 0 1 
1 1 1 1 1 1 1 20 20 0 20 20 1 1 1 1 1 1 1 1 1 1 1 1 1 20 0 0 0 3 3 3 3 3 3 3 3 3 3 3 3 3 3 3 1 1 1 1 7 7 7 7 7 0 7 7 7 7 7 7 7 7 0 1 
1 1 1 1 1 1 1 0 0 0 0 0 1 1 1 1 1 0 0 0 25 0 0 0 1 20 0 0 0 3 3 3 3 3 3 3 3 3 3 3 3 3 3 3 1 1 1 1 7 7 1 0 0 0 8 7 0 0 0 0 7 7 0 1 
1 1 1 1 1 1 1 0 0 0 0 0 1 1 1 1 1 0 1 1 1 1 1 0 1 1 20 20 20 3 3 3 3 3 3 1 3 3 3 3 3 0 3 3 1 1 1 1 7 7 7 7 7 7 7 7 0 1 7 0 7 7 0 1 
1 1 1 1 1 1 1 0 0 0 0 0 1 1 1 1 1 0 1 1 1 1 1 0 1 1 1 1 1 3 3 0 3 3 3 3 3 1 3 3 3 1 3 3 20 20 20 1 7 7 7 7 7 7 7 7 0 1 7 0 7 7 0 1 
1 1 1 1 1 1 1 3 3 3 3 3 1 1 1 1 1 0 1 1 1 1 1 0 1 1 1 1 1 3 3 1 3 3 3 3 3 3 3 3 3 3 3 3 0 0 0 20 7 7 7 7 7 1 7 7 0 1 7 0 7 7 0 1 
1 8 8 3 3 3 3 3 3 3 3 3 3 3 3 3 0 0 0 1 1 1 1 0 1 1 1 1 1 3 3 3 3 3 3 3 3 3 3 3 3 3 3 3 0 0 0 20 7 7 7 7 7 0 7 7 0 1 7 0 7 7 0 1 
1 8 8 3 3 3 3 3 3 3 3 3 3 3 3 3 0 0 0 1 1 1 1 0 1 20 1 1 1 3 3 3 3 3 3 3 3 3 3 3 3 3 3 3 20 20 20 1 7 7 7 7 7 0 7 7 0 1 7 0 7 7 0 1 
1 0 0 3 3 3 3 3 3 3 3 3 3 3 3 3 0 0 0 1 1 1 1 0 0 0 1 1 1 1 1 1 1 1 0 0 0 0 0 1 1 1 1 1 1 1 1 1 7 0 0 0 7 0 7 7 0 1 7 1 7 7 0 1 
1 8 8 3 3 3 3 3 3 3 3 3 3 3 3 3 0 0 0 1 1 1 1 1 1 0 1 1 1 1 1 1 1 1 0 0 0 0 0 1 1 1 1 1 1 1 1 1 7 0 128 0 14 0 7 7 7 1 7 7 7 1 30 1 
1 8 8 3 3 3 3 3 3 3 3 3 3 3 3 3 0 0 0 1 1 0 0 0 0 0 20 1 1 1 1 1 1 1 0 0 0 0 0 1 1 1 1 1 1 1 1 1 7 0 0 0 7 0 7 7 7 7 7 1 1 1 0 1 
1 1 1 1 1 1 1 3 3 3 3 3 1 1 1 1 1 1 1 1 1 1 1 1 1 0 1 1 1 1 1 1 1 1 1 1 1 1 1 1 1 1 1 1 1 1 1 1 7 7 7 7 7 0 7 7 0 0 0 30 0 0 0 1 
1 1 1 1 1 1 1 0 0 0 0 0 1 1 1 1 1 1 1 1 1 0 0 0 0 0 20 1 1 1 1 1 1 1 1 1 1 1 1 1 1 1 1 1 1 1 1 1 7 7 7 7 7 0 7 7 0 7 7 1 1 14 1 1 
1 1 1 1 1 1 1 8 8 0 8 8 1 1 1 1 1 1 1 1 1 1 1 1 1 0 1 1 1 1 1 7 0 7 7 1 7 7 0 7 7 1 7 7 0 7 0 1 7 7 7 1 7 0 0 0 0 7 7 1 0 17 0 1 
1 1 1 1 1 1 1 8 8 0 8 8 1 1 1 1 1 1 1 1 1 0 0 0 0 0 20 1 1 1 0 7 0 0 7 0 0 0 7 0 7 0 7 0 0 0 7 0 7 0 0 1 7 7 7 7 7 7 7 1 0 0 0 1 
1 1 1 1 1 1 1 1 1 1 1 1 1 1 1 1 1 1 1 1 1 1 1 1 1 0 1 1 1 1 1 0 1 7 0 7 0 7 1 7 0 0 0 7 1 7 7 7 7 7 7 1 1 1 7 7 7 7 7 1 0 0 0 1 
1 1 1 1 1 1 1 1 1 1 1 1 1 1 1 1 1 1 1 1 1 1 1 0 0 0 1 1 1 1 0 0 1 1 1 1 1 1 1 1 1 1 1 1 1 1 1 1 1 1 1 1 0 1 1 1 1 1 1 1 1 1 1 1 
1 1 1 1 1 1 1 1 3 3 3 3 1 1 0 0 0 0 0 0 1 1 1 0 1 20 1 1 1 1 71 1 1 1 1 1 1 1 1 1 1 1 1 1 1 1 1 1 1 1 1 1 30 1 1 1 1 1 1 1 1 1 1 1 
1 1 1 1 1 1 1 0 3 3 3 3 1 1 3 1 1 1 1 0 1 1 1 0 1 1 1 1 1 1 0 0 1 1 1 1 0 0 0 0 0 0 0 0 0 1 1 1 1 0 0 0 0 0 0 0 1 1 1 1 1 1 1 1 
1 1 1 1 1 1 0 0 3 3 3 3 0 0 0 0 0 3 0 0 0 0 0 0 0 1 1 1 1 1 1 0 1 1 1 1 0 0 0 0 0 0 0 0 0 1 1 1 1 0 0 0 0 0 0 0 1 1 1 1 1 1 1 1 
1 1 1 1 1 0 0 0 3 3 3 3 0 0 0 0 0 3 0 0 0 0 0 0 0 1 0 1 1 1 1 0 87 0 0 0 0 0 0 0 0 0 0 0 0 0 0 1 1 0 0 0 0 0 0 0 1 1 1 1 1 1 1 1 
1 1 1 1 0 0 0 0 3 3 3 3 0 0 0 0 0 3 0 0 0 0 0 0 1 1 25 1 1 1 1 1 1 1 1 1 0 0 0 0 0 0 0 0 0 1 0 0 0 0 17 0 0 0 0 0 0 0 0 1 1 1 1 1 
1 1 1 1 0 0 0 0 3 3 3 3 0 0 0 0 0 3 0 0 0 0 0 1 1 0 0 0 1 1 1 1 1 1 1 1 0 0 0 0 0 0 0 0 0 1 1 1 1 0 0 0 0 0 0 0 1 1 0 1 1 1 1 1 
1 1 1 1 0 0 0 0 3 3 3 3 0 0 0 0 0 3 0 0 0 0 1 1 0 0 0 0 0 1 1 1 1 1 1 1 1 1 1 1 1 1 1 1 1 1 1 1 1 0 0 0 0 0 0 0 1 1 0 1 1 1 1 1 
1 1 1 1 0 0 0 0 3 3 3 3 1 1 1 1 1 20 1 1 1 1 1 0 0 0 0 0 0 0 1 1 1 1 1 1 1 1 1 1 1 1 1 1 1 1 1 1 1 0 0 0 0 0 0 0 1 1 0 1 1 1 1 1 
1 1 1 1 0 0 0 0 3 3 3 3 1 1 1 1 1 0 1 20 1 1 0 0 0 0 0 0 0 0 8 1 1 1 1 1 1 1 1 1 1 1 1 1 1 1 1 1 1 1 1 1 1 1 1 1 1 1 0 1 1 1 1 1 
1 1 1 1 0 0 0 0 3 3 3 3 0 0 0 0 0 0 0 0 0 0 0 0 0 17 0 17 0 0 8 8 1 1 1 0 0 0 0 0 1 1 1 0 1 17 1 0 1 1 1 0 1 1 1 1 1 1 0 1 1 1 1 1 
1 1 1 1 0 0 0 0 3 3 3 3 0 0 0 0 0 0 0 0 0 0 0 0 0 0 16 0 0 0 0 0 0 1 1 0 25 30 25 30 1 1 1 25 1 25 1 30 1 1 1 25 1 1 1 1 1 1 0 1 1 1 1 1 
1 1 1 1 0 0 0 0 3 3 3 3 0 0 0 0 0 0 0 0 0 0 0 0 0 17 0 17 0 0 8 8 1 1 0 30 0 0 0 0 0 0 0 0 0 0 0 0 0 0 0 0 0 17 1 1 0 0 0 0 0 1 1 1 
1 1 1 1 0 0 0 0 3 3 3 3 0 0 0 0 1 0 1 0 1 1 0 0 0 0 0 0 0 0 8 1 1 1 20 0 0 0 0 0 0 0 0 0 0 0 0 0 0 0 0 0 0 0 1 1 0 0 0 0 0 1 1 1 
1 1 1 1 1 0 0 0 3 3 3 3 0 0 0 1 1 20 1 87 1 1 1 0 0 0 0 0 0 0 1 1 1 1 20 0 0 0 0 0 0 0 0 0 0 0 0 0 0 0 0 0 0 0 1 1 0 0 128 0 0 1 1 1 
1 1 1 1 1 1 0 0 3 3 3 3 0 0 1 1 1 1 1 0 1 1 1 1 8 8 0 8 8 1 1 1 1 46 45 0 0 0 8 0 0 20 0 8 0 20 0 8 0 20 0 8 0 17 30 0 0 0 0 0 0 1 1 1 
1 1 1 1 1 1 1 0 3 3 3 3 0 1 1 1 1 1 1 45 1 1 1 1 1 8 0 8 1 1 1 1 1 45 20 0 0 0 0 0 0 0 0 0 0 0 0 0 0 0 0 0 0 0 1 1 0 0 0 0 0 1 1 1 
1 1 1 1 1 1 1 1 3 3 3 3 1 1 1 1 1 1 1 45 1 1 1 1 1 1 0 1 1 1 1 1 1 45 20 0 0 0 0 0 0 0 0 0 0 0 0 0 0 0 0 0 0 0 1 1 1 1 1 1 1 1 1 1 
1 1 1 1 1 1 1 1 1 1 1 1 1 1 1 1 1 1 1 45 1 1 1 1 1 1 1 1 1 1 1 1 1 45 20 0 0 0 0 0 0 0 0 0 0 0 0 0 0 0 0 0 0 17 25 0 1 1 1 1 1 1 1 1 
1 1 1 1 1 1 1 1 1 1 1 1 1 1 1 1 1 1 1 45 1 1 1 1 1 1 1 1 1 1 1 1 1 45 1 30 25 30 25 30 1 30 1 25 1 1 1 30 1 1 1 25 1 1 1 1 1 1 1 1 1 1 1 1 
1 1 1 1 1 1 1 1 1 1 1 1 1 1 1 1 1 1 1 49 45 45 45 45 45 45 45 45 45 45 45 45 45 48 1 0 0 0 0 0 1 17 1 0 1 1 1 0 1 1 1 0 1 1 1 1 1 1 1 1 1 1 1 1 
1 1 1 1 1 1 1 1 1 1 1 1 1 1 1 1 1 1 1 1 1 1 1 1 1 1 1 1 1 1 1 1 1 1 1 1 1 1 1 1 1 1 1 1 1 1 1 1 1 1 1 1 1 1 1 1 1 1 1 1 1 1 1 1 
f
p  61 40 -1 0 
inventory  0 0 0 0 0 0 0 0 0 
t 0 
level 1
block 48 6 -1 0
block 35 19 -1 0
block 37 19 -1 0
block 36 20 -1 0
block 35 21 -1 0
block 37 21 -1 0
block 27 28 -1 0
block 45 32 -1 0
block 35 35 -1 0
block 37 35 -1 0
block 37 45 -1 0
block 13 46 -1 0
block 15 46 -1 0
block 37 46 -1 0
block 37 47 -1 0
block 13 48 -1 0
block 15 48 -1 0
block 57 55 -1 0
block 59 55 -1 0
block 57 57 -1 0
block 59 57 -1 0
tank 23 31 1 0
tank 23 32 1 0
tank 25 36 1 0
tank 21 38 3 0
tank 25 40 1 0
ball 17 53 0 0 
ball 17 54 0 0 
ball 17 51 0 0 
ball 17 55 0 0 
ball 17 52 0 0 
bug 62 33 2 0
bug 62 32 2 0
bug 62 31 2 0
bug 62 30 2 0
bug 62 29 2 0
bug 62 28 2 0
bug 62 27 2 0
bug 62 26 2 0
bug 62 25 2 0
 lightbridge 19 34 3 0
 lightbridge 36 25 2 0
 lightbridge 20 14 3 0
 lightbridge 6 25 0 0
 lazer 4 18 1 0
 lazer 8 16 3 0
 lazer 4 14 1 0
 lazer 4 4 1 0
 lazer 8 4 3 0
 lazer 26 16 0 0
 lazer 12 26 0 0
 lazer 26 45 2 0
 lazer 51 63 0 0
 lazer 51 51 2 0
 lazer 47 51 2 0
 lazer 47 63 0 0
 lazer 43 63 0 0
 lazer 43 51 2 0
 lazer 39 51 2 0
 lazer 39 63 0 0
 lazer 56 60 3 0
 lazer 15 4 0 0
 lazer 38 51 2 0
 lazer 38 63 0 0
 lazer 37 63 0 0
 lazer 37 51 2 0
 lazer 36 63 0 0
 lazer 36 51 2 0
 lazer 35 63 0 0
 lazer 35 51 2 0
 lazer 33 54 1 0
 lazer 52 41 2 0
 lazer 39 43 2 0
 lazer 41 49 0 0
 lazer 43 43 2 0
 lazer 29 40 1 0
 lazer 40 12 3 0
